[
  {
    "name": "Arm2.1",
    "depth": 0,
    "asm": true,
    "xyz_mm": [
      0,
      0,
      0
    ],
    "rot": null,
    "parent": null
  },
  {
    "name": "右臂",
    "depth": 1,
    "asm": true,
    "xyz_mm": [
      -52.0536,
      -143.1709,
      376.832
    ],
    "rot": [
      [
        0.0,
        1.0,
        0.0
      ],
      [
        -1.0,
        0.0,
        0.0
      ],
      [
        0.0,
        0.0,
        1.0
      ]
    ],
    "parent": "Arm2.1"
  },
  {
    "name": "L0R",
    "depth": 2,
    "asm": true,
    "xyz_mm": [
      53.4356,
      88.1073,
      136.0402
    ],
    "rot": [
      [
        -1.0,
        -0.0,
        -0.0
      ],
      [
        -0.0,
        -0.0,
        1.0
      ],
      [
        -0.0,
        1.0,
        0.0
      ]
    ],
    "parent": "右臂"
  },
  {
    "name": "RB-01X2改",
    "depth": 3,
    "asm": false,
    "xyz_mm": [
      -66.5,
      7.3101,
      -46.5265
    ],
    "rot": [
      [
        -1.0,
        0.0,
        -0.0
      ],
      [
        -0.0,
        -0.0,
        1.0
      ],
      [
        0.0,
        1.0,
        0.0
      ]
    ],
    "parent": "L0R"
  },
  {
    "name": "hexagon socket head cap screws gb_GB_FASTENER_SCREWS_HSHCS M3X6-N",
    "depth": 3,
    "asm": false,
    "xyz_mm": [
      -82.9,
      38.4627,
      -89.4044
    ],
    "rot": [
      [
        1.0,
        -0.0,
        -0.0
      ],
      [
        0.0,
        1.0,
        -0.0
      ],
      [
        0.0,
        0.0,
        1.0
      ]
    ],
    "parent": "L0R"
  },
  {
    "name": "hexagon socket head cap screws gb_GB_FASTENER_SCREWS_HSHCS M3X6-N",
    "depth": 3,
    "asm": false,
    "xyz_mm": [
      -82.9,
      7.3101,
      -99.5265
    ],
    "rot": [
      [
        1.0,
        -0.0,
        -0.0
      ],
      [
        0.0,
        1.0,
        -0.0
      ],
      [
        0.0,
        0.0,
        1.0
      ]
    ],
    "parent": "L0R"
  },
  {
    "name": "hexagon socket head cap screws gb_GB_FASTENER_SCREWS_HSHCS M3X6-N",
    "depth": 3,
    "asm": false,
    "xyz_mm": [
      -82.9,
      -23.8425,
      -89.4044
    ],
    "rot": [
      [
        1.0,
        -0.0,
        -0.0
      ],
      [
        0.0,
        1.0,
        -0.0
      ],
      [
        0.0,
        0.0,
        1.0
      ]
    ],
    "parent": "L0R"
  },
  {
    "name": "hexagon socket head cap screws gb_GB_FASTENER_SCREWS_HSHCS M3X6-N",
    "depth": 3,
    "asm": false,
    "xyz_mm": [
      -82.9,
      38.4627,
      -3.6486
    ],
    "rot": [
      [
        1.0,
        -0.0,
        -0.0
      ],
      [
        0.0,
        1.0,
        -0.0
      ],
      [
        0.0,
        0.0,
        1.0
      ]
    ],
    "parent": "L0R"
  },
  {
    "name": "hexagon socket head cap screws gb_GB_FASTENER_SCREWS_HSHCS M3X6-N",
    "depth": 3,
    "asm": false,
    "xyz_mm": [
      -82.9,
      7.3101,
      6.4735
    ],
    "rot": [
      [
        1.0,
        -0.0,
        -0.0
      ],
      [
        0.0,
        1.0,
        -0.0
      ],
      [
        0.0,
        0.0,
        1.0
      ]
    ],
    "parent": "L0R"
  },
  {
    "name": "hexagon socket head cap screws gb_GB_FASTENER_SCREWS_HSHCS M3X6-N",
    "depth": 3,
    "asm": false,
    "xyz_mm": [
      -82.9,
      -23.8425,
      -3.6486
    ],
    "rot": [
      [
        1.0,
        -0.0,
        -0.0
      ],
      [
        0.0,
        1.0,
        -0.0
      ],
      [
        0.0,
        0.0,
        1.0
      ]
    ],
    "parent": "L0R"
  },
  {
    "name": "hexagon socket head cap screws gb_GB_FASTENER_SCREWS_HSHCS M3X6-N",
    "depth": 3,
    "asm": false,
    "xyz_mm": [
      -70.3,
      22.3101,
      -111.5265
    ],
    "rot": [
      [
        -1.0,
        0.0,
        -0.0
      ],
      [
        -0.0,
        -0.381849,
        0.924225
      ],
      [
        0.0,
        0.924225,
        0.381849
      ]
    ],
    "parent": "L0R"
  },
  {
    "name": "hexagon socket head cap screws gb_GB_FASTENER_SCREWS_HSHCS M3X6-N",
    "depth": 3,
    "asm": false,
    "xyz_mm": [
      -70.3,
      -7.6899,
      -111.5265
    ],
    "rot": [
      [
        -1.0,
        0.0,
        -0.0
      ],
      [
        -0.0,
        -0.381849,
        0.924225
      ],
      [
        0.0,
        0.924225,
        0.381849
      ]
    ],
    "parent": "L0R"
  },
  {
    "name": "hexagon socket head cap screws gb_GB_FASTENER_SCREWS_HSHCS M3X6-N",
    "depth": 3,
    "asm": false,
    "xyz_mm": [
      -70.3,
      22.3101,
      18.4735
    ],
    "rot": [
      [
        -1.0,
        0.0,
        -0.0
      ],
      [
        -0.0,
        -0.381849,
        0.924225
      ],
      [
        0.0,
        0.924225,
        0.381849
      ]
    ],
    "parent": "L0R"
  },
  {
    "name": "hexagon socket head cap screws gb_GB_FASTENER_SCREWS_HSHCS M3X6-N",
    "depth": 3,
    "asm": false,
    "xyz_mm": [
      -70.3,
      -7.6899,
      18.4735
    ],
    "rot": [
      [
        -1.0,
        0.0,
        -0.0
      ],
      [
        -0.0,
        -0.381849,
        0.924225
      ],
      [
        0.0,
        0.924225,
        0.381849
      ]
    ],
    "parent": "L0R"
  },
  {
    "name": "RB-02X2改",
    "depth": 3,
    "asm": false,
    "xyz_mm": [
      -20.5,
      7.3101,
      -46.5265
    ],
    "rot": [
      [
        -1.0,
        0.0,
        -0.0
      ],
      [
        -0.0,
        0.382683,
        0.92388
      ],
      [
        0.0,
        0.92388,
        -0.382683
      ]
    ],
    "parent": "L0R"
  },
  {
    "name": "DBBJ-01X2",
    "depth": 3,
    "asm": false,
    "xyz_mm": [
      -27.5,
      7.3101,
      -46.5265
    ],
    "rot": [
      [
        0.0,
        0.0,
        1.0
      ],
      [
        -0.0,
        -1.0,
        0.0
      ],
      [
        1.0,
        -0.0,
        -0.0
      ]
    ],
    "parent": "L0R"
  },
  {
    "name": "RS04",
    "depth": 3,
    "asm": false,
    "xyz_mm": [
      -66.5,
      7.3101,
      -46.5265
    ],
    "rot": [
      [
        1.0,
        -0.0,
        -0.0
      ],
      [
        0.0,
        1.0,
        -0.0
      ],
      [
        0.0,
        0.0,
        1.0
      ]
    ],
    "parent": "L0R"
  },
  {
    "name": "内六角圆柱头螺钉 M4x12",
    "depth": 3,
    "asm": false,
    "xyz_mm": [
      -25.1,
      7.3101,
      6.4735
    ],
    "rot": [
      [
        -0.0,
        -0.0,
        1.0
      ],
      [
        -0.0,
        1.0,
        0.0
      ],
      [
        -1.0,
        -0.0,
        -0.0
      ]
    ],
    "parent": "L0R"
  },
  {
    "name": "内六角圆柱头螺钉 M4x12",
    "depth": 3,
    "asm": false,
    "xyz_mm": [
      -25.1,
      57.7161,
      -30.1486
    ],
    "rot": [
      [
        -0.0,
        -0.0,
        1.0
      ],
      [
        0.158553,
        0.987351,
        0.0
      ],
      [
        -0.987351,
        0.158553,
        -0.0
      ]
    ],
    "parent": "L0R"
  },
  {
    "name": "内六角圆柱头螺钉 M4x12",
    "depth": 3,
    "asm": false,
    "xyz_mm": [
      -25.1,
      38.4627,
      -3.6486
    ],
    "rot": [
      [
        -0.0,
        -0.0,
        1.0
      ],
      [
        0.158553,
        0.987351,
        0.0
      ],
      [
        -0.987351,
        0.158553,
        -0.0
      ]
    ],
    "parent": "L0R"
  },
  {
    "name": "内六角圆柱头螺钉 M4x10",
    "depth": 3,
    "asm": false,
    "xyz_mm": [
      -26.5,
      -43.0959,
      -30.1486
    ],
    "rot": [
      [
        -0.0,
        -0.0,
        1.0
      ],
      [
        -0.0,
        1.0,
        0.0
      ],
      [
        -1.0,
        -0.0,
        -0.0
      ]
    ],
    "parent": "L0R"
  },
  {
    "name": "内六角圆柱头螺钉 M4x10",
    "depth": 3,
    "asm": false,
    "xyz_mm": [
      -26.5,
      -43.0959,
      -62.9044
    ],
    "rot": [
      [
        -0.0,
        -0.0,
        1.0
      ],
      [
        -0.0,
        1.0,
        0.0
      ],
      [
        -1.0,
        -0.0,
        -0.0
      ]
    ],
    "parent": "L0R"
  },
  {
    "name": "L1R",
    "depth": 2,
    "asm": true,
    "xyz_mm": [
      48.776,
      96.6453,
      138.9236
    ],
    "rot": [
      [
        -1.0,
        -0.0,
        -0.0
      ],
      [
        -0.0,
        -0.0,
        1.0
      ],
      [
        -0.0,
        1.0,
        0.0
      ]
    ],
    "parent": "右臂"
  },
  {
    "name": "RBBJ-01X2改",
    "depth": 3,
    "asm": false,
    "xyz_mm": [
      49.8404,
      23.9267,
      -55.0646
    ],
    "rot": [
      [
        -0.0,
        -1.0,
        -0.0
      ],
      [
        0.0,
        -0.0,
        1.0
      ],
      [
        -1.0,
        0.0,
        0.0
      ]
    ],
    "parent": "L1R"
  },
  {
    "name": "RB-03X2改",
    "depth": 3,
    "asm": false,
    "xyz_mm": [
      -14.1596,
      4.4267,
      -55.0646
    ],
    "rot": [
      [
        -1.0,
        -0.0,
        0.0
      ],
      [
        -0.0,
        0.0,
        -1.0
      ],
      [
        0.0,
        -1.0,
        -0.0
      ]
    ],
    "parent": "L1R"
  },
  {
    "name": "RBBJ-02X2改",
    "depth": 3,
    "asm": false,
    "xyz_mm": [
      49.8404,
      -18.0733,
      -55.0646
    ],
    "rot": [
      [
        -0.0,
        -1.0,
        -0.0
      ],
      [
        0.0,
        -0.0,
        1.0
      ],
      [
        -1.0,
        0.0,
        0.0
      ]
    ],
    "parent": "L1R"
  },
  {
    "name": "J1-2QX2改-V4",
    "depth": 3,
    "asm": false,
    "xyz_mm": [
      49.8404,
      4.4267,
      -55.0646
    ],
    "rot": [
      [
        0.0,
        1.0,
        0.0
      ],
      [
        -1.0,
        0.0,
        -0.0
      ],
      [
        -0.0,
        -0.0,
        1.0
      ]
    ],
    "parent": "L1R"
  },
  {
    "name": "J1-2HX2改-V4",
    "depth": 3,
    "asm": false,
    "xyz_mm": [
      49.8404,
      4.4267,
      -55.0646
    ],
    "rot": [
      [
        0.0,
        1.0,
        0.0
      ],
      [
        -1.0,
        0.0,
        -0.0
      ],
      [
        -0.0,
        -0.0,
        1.0
      ]
    ],
    "parent": "L1R"
  },
  {
    "name": "hexagon socket head cap screws gb_GB_FASTENER_SCREWS_HSHCS M3X8-N",
    "depth": 3,
    "asm": false,
    "xyz_mm": [
      -16.1596,
      -3.5733,
      -104.0646
    ],
    "rot": [
      [
        -0.0,
        -1.0,
        -0.0
      ],
      [
        1.0,
        -0.0,
        -0.0
      ],
      [
        0.0,
        -0.0,
        1.0
      ]
    ],
    "parent": "L1R"
  },
  {
    "name": "hexagon socket head cap screws gb_GB_FASTENER_SCREWS_HSHCS M3X8-N",
    "depth": 3,
    "asm": false,
    "xyz_mm": [
      -16.1596,
      -3.5733,
      -6.0646
    ],
    "rot": [
      [
        -0.0,
        -1.0,
        -0.0
      ],
      [
        1.0,
        -0.0,
        -0.0
      ],
      [
        0.0,
        -0.0,
        1.0
      ]
    ],
    "parent": "L1R"
  },
  {
    "name": "hexagon socket head cap screws gb_GB_FASTENER_SCREWS_HSHCS M5X20-N",
    "depth": 3,
    "asm": false,
    "xyz_mm": [
      -11.1596,
      13.4267,
      -70.6531
    ],
    "rot": [
      [
        -1.0,
        0.0,
        -0.0
      ],
      [
        -0.0,
        -0.381849,
        0.924225
      ],
      [
        0.0,
        0.924225,
        0.381849
      ]
    ],
    "parent": "L1R"
  },
  {
    "name": "hexagon socket head cap screws gb_GB_FASTENER_SCREWS_HSHCS M5X20-N",
    "depth": 3,
    "asm": false,
    "xyz_mm": [
      -11.1596,
      4.4267,
      -73.0646
    ],
    "rot": [
      [
        -1.0,
        0.0,
        -0.0
      ],
      [
        -0.0,
        -0.381849,
        0.924225
      ],
      [
        0.0,
        0.924225,
        0.381849
      ]
    ],
    "parent": "L1R"
  },
  {
    "name": "hexagon socket head cap screws gb_GB_FASTENER_SCREWS_HSHCS M5X20-N",
    "depth": 3,
    "asm": false,
    "xyz_mm": [
      -11.1596,
      -4.5733,
      -70.6531
    ],
    "rot": [
      [
        -1.0,
        0.0,
        -0.0
      ],
      [
        -0.0,
        -0.381849,
        0.924225
      ],
      [
        0.0,
        0.924225,
        0.381849
      ]
    ],
    "parent": "L1R"
  },
  {
    "name": "hexagon socket head cap screws gb_GB_FASTENER_SCREWS_HSHCS M5X20-N",
    "depth": 3,
    "asm": false,
    "xyz_mm": [
      -11.1596,
      13.4267,
      -39.4762
    ],
    "rot": [
      [
        -1.0,
        0.0,
        -0.0
      ],
      [
        -0.0,
        -0.381849,
        0.924225
      ],
      [
        0.0,
        0.924225,
        0.381849
      ]
    ],
    "parent": "L1R"
  },
  {
    "name": "hexagon socket head cap screws gb_GB_FASTENER_SCREWS_HSHCS M5X20-N",
    "depth": 3,
    "asm": false,
    "xyz_mm": [
      -11.1596,
      -4.5733,
      -39.4762
    ],
    "rot": [
      [
        -1.0,
        0.0,
        -0.0
      ],
      [
        -0.0,
        -0.381849,
        0.924225
      ],
      [
        0.0,
        0.924225,
        0.381849
      ]
    ],
    "parent": "L1R"
  },
  {
    "name": "DBBJ-02X2",
    "depth": 3,
    "asm": false,
    "xyz_mm": [
      -17.6596,
      -29.0733,
      -55.0646
    ],
    "rot": [
      [
        1.0,
        -0.0,
        -0.0
      ],
      [
        0.0,
        0.0,
        1.0
      ],
      [
        -0.0,
        -1.0,
        0.0
      ]
    ],
    "parent": "L1R"
  },
  {
    "name": "DBBJ-03X2",
    "depth": 3,
    "asm": false,
    "xyz_mm": [
      49.8404,
      -16.0733,
      -55.0646
    ],
    "rot": [
      [
        0.0,
        1.0,
        -0.0
      ],
      [
        -0.0,
        0.0,
        1.0
      ],
      [
        1.0,
        -0.0,
        0.0
      ]
    ],
    "parent": "L1R"
  },
  {
    "name": "DBBJ-11RX1",
    "depth": 3,
    "asm": false,
    "xyz_mm": [
      49.8404,
      -17.5733,
      -55.0646
    ],
    "rot": [
      [
        0.0,
        -1.0,
        0.0
      ],
      [
        -0.0,
        -0.0,
        -1.0
      ],
      [
        1.0,
        0.0,
        -0.0
      ]
    ],
    "parent": "L1R"
  },
  {
    "name": "hexagon socket head cap screws gb_GB_FASTENER_SCREWS_HSHCS M3X6-N",
    "depth": 3,
    "asm": false,
    "xyz_mm": [
      92.7183,
      -19.0733,
      -23.912
    ],
    "rot": [
      [
        -0.0,
        -1.0,
        -0.0
      ],
      [
        1.0,
        -0.0,
        -0.0
      ],
      [
        0.0,
        -0.0,
        1.0
      ]
    ],
    "parent": "L1R"
  },
  {
    "name": "hexagon socket head cap screws gb_GB_FASTENER_SCREWS_HSHCS M4X16-N",
    "depth": 3,
    "asm": false,
    "xyz_mm": [
      102.8404,
      -20.0733,
      -55.0646
    ],
    "rot": [
      [
        -0.0,
        -1.0,
        -0.0
      ],
      [
        1.0,
        -0.0,
        -0.0
      ],
      [
        0.0,
        -0.0,
        1.0
      ]
    ],
    "parent": "L1R"
  },
  {
    "name": "hexagon socket head cap screws gb_GB_FASTENER_SCREWS_HSHCS M2X3-N",
    "depth": 3,
    "asm": false,
    "xyz_mm": [
      92.7183,
      -18.0733,
      -86.2172
    ],
    "rot": [
      [
        -0.0,
        -1.0,
        -0.0
      ],
      [
        1.0,
        -0.0,
        -0.0
      ],
      [
        0.0,
        -0.0,
        1.0
      ]
    ],
    "parent": "L1R"
  },
  {
    "name": "hexagon socket head cap screws gb_GB_FASTENER_SCREWS_HSHCS M3X6-N",
    "depth": 3,
    "asm": false,
    "xyz_mm": [
      -3.1596,
      -22.5733,
      -55.0646
    ],
    "rot": [
      [
        -0.0,
        -1.0,
        -0.0
      ],
      [
        1.0,
        -0.0,
        -0.0
      ],
      [
        0.0,
        -0.0,
        1.0
      ]
    ],
    "parent": "L1R"
  },
  {
    "name": "hexagon socket head cap screws gb_GB_FASTENER_SCREWS_HSHCS M2X3-N",
    "depth": 3,
    "asm": false,
    "xyz_mm": [
      -20.1596,
      -20.0733,
      -34.0646
    ],
    "rot": [
      [
        -0.0,
        -1.0,
        -0.0
      ],
      [
        1.0,
        -0.0,
        -0.0
      ],
      [
        0.0,
        -0.0,
        1.0
      ]
    ],
    "parent": "L1R"
  },
  {
    "name": "RS04",
    "depth": 3,
    "asm": false,
    "xyz_mm": [
      49.8404,
      23.9267,
      -55.0646
    ],
    "rot": [
      [
        0.0,
        -0.0,
        1.0
      ],
      [
        -1.0,
        0.0,
        0.0
      ],
      [
        -0.0,
        -1.0,
        -0.0
      ]
    ],
    "parent": "L1R"
  },
  {
    "name": "内六角圆柱头螺钉 M4x10",
    "depth": 3,
    "asm": false,
    "xyz_mm": [
      -20.1596,
      -18.0733,
      -34.0646
    ],
    "rot": [
      [
        1.0,
        0.0,
        0.0
      ],
      [
        0.0,
        -0.0,
        -1.0
      ],
      [
        -0.0,
        1.0,
        -0.0
      ]
    ],
    "parent": "L1R"
  },
  {
    "name": "内六角圆柱头螺钉 M4x10",
    "depth": 3,
    "asm": false,
    "xyz_mm": [
      -20.1596,
      -18.0733,
      -76.0646
    ],
    "rot": [
      [
        0.982082,
        0.188455,
        0.0
      ],
      [
        0.0,
        -0.0,
        -1.0
      ],
      [
        -0.188455,
        0.982082,
        -0.0
      ]
    ],
    "parent": "L1R"
  },
  {
    "name": "内六角圆柱头螺钉 M4x12",
    "depth": 3,
    "asm": false,
    "xyz_mm": [
      -20.1596,
      26.9267,
      -34.0646
    ],
    "rot": [
      [
        1.0,
        0.0,
        -0.0
      ],
      [
        0.0,
        0.0,
        1.0
      ],
      [
        0.0,
        -1.0,
        0.0
      ]
    ],
    "parent": "L1R"
  },
  {
    "name": "内六角圆柱头螺钉 M4x12",
    "depth": 3,
    "asm": false,
    "xyz_mm": [
      -20.1596,
      26.9267,
      -49.0646
    ],
    "rot": [
      [
        0.982082,
        -0.188455,
        -0.0
      ],
      [
        0.0,
        0.0,
        1.0
      ],
      [
        -0.188455,
        -0.982082,
        0.0
      ]
    ],
    "parent": "L1R"
  },
  {
    "name": "内六角圆柱头螺钉 M4x12",
    "depth": 3,
    "asm": false,
    "xyz_mm": [
      -20.1596,
      26.9267,
      -61.0646
    ],
    "rot": [
      [
        0.982082,
        -0.188455,
        -0.0
      ],
      [
        0.0,
        0.0,
        1.0
      ],
      [
        -0.188455,
        -0.982082,
        0.0
      ]
    ],
    "parent": "L1R"
  },
  {
    "name": "内六角圆柱头螺钉 M4x12",
    "depth": 3,
    "asm": false,
    "xyz_mm": [
      -20.1596,
      26.9267,
      -76.0646
    ],
    "rot": [
      [
        0.982082,
        -0.188455,
        -0.0
      ],
      [
        0.0,
        0.0,
        1.0
      ],
      [
        -0.188455,
        -0.982082,
        0.0
      ]
    ],
    "parent": "L1R"
  },
  {
    "name": "L2R",
    "depth": 2,
    "asm": true,
    "xyz_mm": [
      -60.3958,
      96.585,
      138.4045
    ],
    "rot": [
      [
        0.0,
        0.054755,
        -0.9985
      ],
      [
        -1.0,
        0.0,
        -0.0
      ],
      [
        -0.0,
        0.9985,
        0.054755
      ]
    ],
    "parent": "右臂"
  },
  {
    "name": "RB-04X2改",
    "depth": 3,
    "asm": false,
    "xyz_mm": [
      55.0043,
      -29.2567,
      -61.0249
    ],
    "rot": [
      [
        -0.0,
        -0.0,
        -1.0
      ],
      [
        0.9985,
        0.054755,
        -0.0
      ],
      [
        0.054755,
        -0.9985,
        0.0
      ]
    ],
    "parent": "L2R"
  },
  {
    "name": "RB-05X2",
    "depth": 3,
    "asm": false,
    "xyz_mm": [
      55.0043,
      3.1979,
      22.878
    ],
    "rot": [
      [
        0.0,
        -0.0,
        -1.0
      ],
      [
        -0.054755,
        0.9985,
        -0.0
      ],
      [
        0.9985,
        0.054755,
        0.0
      ]
    ],
    "parent": "L2R"
  },
  {
    "name": "RBBJ-03X2",
    "depth": 3,
    "asm": false,
    "xyz_mm": [
      55.0043,
      -32.9253,
      5.8746
    ],
    "rot": [
      [
        -0.0,
        -0.0,
        -1.0
      ],
      [
        0.9985,
        0.054755,
        -0.0
      ],
      [
        0.054755,
        -0.9985,
        0.0
      ]
    ],
    "parent": "L2R"
  },
  {
    "name": "J2-3HX2-V5",
    "depth": 3,
    "asm": false,
    "xyz_mm": [
      55.0043,
      7.6878,
      -58.999
    ],
    "rot": [
      [
        -0.0,
        -0.0,
        -1.0
      ],
      [
        0.9985,
        0.054755,
        -0.0
      ],
      [
        0.054755,
        -0.9985,
        0.0
      ]
    ],
    "parent": "L2R"
  },
  {
    "name": "hexagon socket head cap screws gb_GB_FASTENER_SCREWS_HSHCS M4X8-N",
    "depth": 3,
    "asm": false,
    "xyz_mm": [
      86.0043,
      -3.0669,
      27.542
    ],
    "rot": [
      [
        -1.0,
        0.0,
        -0.0
      ],
      [
        -0.0,
        -0.36261,
        0.931941
      ],
      [
        0.0,
        0.931941,
        0.36261
      ]
    ],
    "parent": "L2R"
  },
  {
    "name": "hexagon socket head cap screws gb_GB_FASTENER_SCREWS_HSHCS M4X8-N",
    "depth": 3,
    "asm": false,
    "xyz_mm": [
      86.0043,
      -16.0474,
      26.8302
    ],
    "rot": [
      [
        -1.0,
        0.0,
        -0.0
      ],
      [
        -0.0,
        -0.36261,
        0.931941
      ],
      [
        0.0,
        0.931941,
        0.36261
      ]
    ],
    "parent": "L2R"
  },
  {
    "name": "hexagon socket head cap screws gb_GB_FASTENER_SCREWS_HSHCS M4X8-N",
    "depth": 3,
    "asm": false,
    "xyz_mm": [
      24.0043,
      -3.0669,
      27.542
    ],
    "rot": [
      [
        1.0,
        -0.0,
        0.0
      ],
      [
        0.0,
        0.999785,
        0.020728
      ],
      [
        -0.0,
        -0.020728,
        0.999785
      ]
    ],
    "parent": "L2R"
  },
  {
    "name": "hexagon socket head cap screws gb_GB_FASTENER_SCREWS_HSHCS M4X8-N",
    "depth": 3,
    "asm": false,
    "xyz_mm": [
      24.0043,
      -16.0474,
      26.8302
    ],
    "rot": [
      [
        1.0,
        -0.0,
        0.0
      ],
      [
        0.0,
        0.999785,
        0.020728
      ],
      [
        -0.0,
        -0.020728,
        0.999785
      ]
    ],
    "parent": "L2R"
  },
  {
    "name": "hexagon socket head cap screws gb_GB_FASTENER_SCREWS_HSHCS M4X8-N",
    "depth": 3,
    "asm": false,
    "xyz_mm": [
      40.0043,
      -41.0163,
      16.4474
    ],
    "rot": [
      [
        -0.0,
        -0.0,
        1.0
      ],
      [
        0.9985,
        -0.054755,
        -0.0
      ],
      [
        0.054755,
        0.9985,
        0.0
      ]
    ],
    "parent": "L2R"
  },
  {
    "name": "hexagon socket head cap screws gb_GB_FASTENER_SCREWS_HSHCS M4X8-N",
    "depth": 3,
    "asm": false,
    "xyz_mm": [
      40.0043,
      -38.6972,
      1.552
    ],
    "rot": [
      [
        -0.0,
        0.0,
        1.0
      ],
      [
        0.9985,
        -0.054755,
        0.0
      ],
      [
        0.054755,
        0.9985,
        -0.0
      ]
    ],
    "parent": "L2R"
  },
  {
    "name": "hexagon socket head cap screws gb_GB_FASTENER_SCREWS_HSHCS M4X8-N",
    "depth": 3,
    "asm": false,
    "xyz_mm": [
      70.0043,
      -41.0163,
      16.4474
    ],
    "rot": [
      [
        -0.0,
        -0.0,
        1.0
      ],
      [
        0.9985,
        -0.054755,
        -0.0
      ],
      [
        0.054755,
        0.9985,
        0.0
      ]
    ],
    "parent": "L2R"
  },
  {
    "name": "hexagon socket head cap screws gb_GB_FASTENER_SCREWS_HSHCS M4X8-N",
    "depth": 3,
    "asm": false,
    "xyz_mm": [
      70.0043,
      -38.6972,
      1.552
    ],
    "rot": [
      [
        -0.0,
        0.0,
        1.0
      ],
      [
        0.9985,
        -0.054755,
        0.0
      ],
      [
        0.054755,
        0.9985,
        -0.0
      ]
    ],
    "parent": "L2R"
  },
  {
    "name": "hexagon socket head cap screws gb_GB_FASTENER_SCREWS_HSHCS M4X8-N",
    "depth": 3,
    "asm": false,
    "xyz_mm": [
      70.0043,
      -37.8759,
      -13.4255
    ],
    "rot": [
      [
        -0.0,
        0.0,
        1.0
      ],
      [
        0.9985,
        -0.054755,
        0.0
      ],
      [
        0.054755,
        0.9985,
        -0.0
      ]
    ],
    "parent": "L2R"
  },
  {
    "name": "hexagon socket head cap screws gb_GB_FASTENER_SCREWS_HSHCS M5X20-N",
    "depth": 3,
    "asm": false,
    "xyz_mm": [
      46.0043,
      -32.1072,
      -45.5693
    ],
    "rot": [
      [
        -0.0,
        0.0,
        1.0
      ],
      [
        0.9985,
        -0.054755,
        0.0
      ],
      [
        0.054755,
        0.9985,
        -0.0
      ]
    ],
    "parent": "L2R"
  },
  {
    "name": "hexagon socket head cap screws gb_GB_FASTENER_SCREWS_HSHCS M5X20-N",
    "depth": 3,
    "asm": false,
    "xyz_mm": [
      64.0043,
      -32.1072,
      -45.5693
    ],
    "rot": [
      [
        -0.0,
        0.0,
        1.0
      ],
      [
        0.9985,
        -0.054755,
        0.0
      ],
      [
        0.054755,
        0.9985,
        -0.0
      ]
    ],
    "parent": "L2R"
  },
  {
    "name": "hexagon socket head cap screws gb_GB_FASTENER_SCREWS_HSHCS M5X20-N",
    "depth": 3,
    "asm": false,
    "xyz_mm": [
      70.5927,
      -31.7465,
      -52.1479
    ],
    "rot": [
      [
        -0.0,
        0.0,
        1.0
      ],
      [
        0.9985,
        -0.054755,
        0.0
      ],
      [
        0.054755,
        0.9985,
        -0.0
      ]
    ],
    "parent": "L2R"
  },
  {
    "name": "hexagon socket head cap screws gb_GB_FASTENER_SCREWS_HSHCS M5X20-N",
    "depth": 3,
    "asm": false,
    "xyz_mm": [
      73.0043,
      -31.2537,
      -61.1344
    ],
    "rot": [
      [
        -0.0,
        0.0,
        1.0
      ],
      [
        0.9985,
        -0.054755,
        0.0
      ],
      [
        0.054755,
        0.9985,
        -0.0
      ]
    ],
    "parent": "L2R"
  },
  {
    "name": "hexagon socket head cap screws gb_GB_FASTENER_SCREWS_HSHCS M5X20-N",
    "depth": 3,
    "asm": false,
    "xyz_mm": [
      39.4158,
      -31.7465,
      -52.1479
    ],
    "rot": [
      [
        -0.0,
        0.0,
        1.0
      ],
      [
        0.9985,
        -0.054755,
        0.0
      ],
      [
        0.054755,
        0.9985,
        -0.0
      ]
    ],
    "parent": "L2R"
  },
  {
    "name": "hexagon socket head cap screws gb_GB_FASTENER_SCREWS_HSHCS M5X20-N",
    "depth": 3,
    "asm": false,
    "xyz_mm": [
      37.0043,
      -31.2537,
      -61.1344
    ],
    "rot": [
      [
        -0.0,
        0.0,
        1.0
      ],
      [
        0.9985,
        -0.054755,
        0.0
      ],
      [
        0.054755,
        0.9985,
        -0.0
      ]
    ],
    "parent": "L2R"
  },
  {
    "name": "hexagon socket head cap screws gb_GB_FASTENER_SCREWS_HSHCS M5X20-N",
    "depth": 3,
    "asm": false,
    "xyz_mm": [
      46.0043,
      -30.4001,
      -76.6995
    ],
    "rot": [
      [
        -0.0,
        0.0,
        1.0
      ],
      [
        0.9985,
        -0.054755,
        0.0
      ],
      [
        0.054755,
        0.9985,
        -0.0
      ]
    ],
    "parent": "L2R"
  },
  {
    "name": "hexagon socket head cap screws gb_GB_FASTENER_SCREWS_HSHCS M5X20-N",
    "depth": 3,
    "asm": false,
    "xyz_mm": [
      55.0043,
      -30.2681,
      -79.1074
    ],
    "rot": [
      [
        -0.0,
        0.0,
        1.0
      ],
      [
        0.9985,
        -0.054755,
        0.0
      ],
      [
        0.054755,
        0.9985,
        -0.0
      ]
    ],
    "parent": "L2R"
  },
  {
    "name": "hexagon socket head cap screws gb_GB_FASTENER_SCREWS_HSHCS M5X20-N",
    "depth": 3,
    "asm": false,
    "xyz_mm": [
      64.0043,
      -30.4001,
      -76.6995
    ],
    "rot": [
      [
        -0.0,
        0.0,
        1.0
      ],
      [
        0.9985,
        -0.054755,
        0.0
      ],
      [
        0.054755,
        0.9985,
        -0.0
      ]
    ],
    "parent": "L2R"
  },
  {
    "name": "hexagon socket head cap screws gb_GB_FASTENER_SCREWS_HSHCS M4X16-N",
    "depth": 3,
    "asm": false,
    "xyz_mm": [
      41.858,
      10.7437,
      23.8927
    ],
    "rot": [
      [
        0.0,
        0.044864,
        -0.998993
      ],
      [
        -0.054755,
        0.997494,
        0.044797
      ],
      [
        0.9985,
        0.0547,
        0.002457
      ]
    ],
    "parent": "L2R"
  },
  {
    "name": "hexagon socket head cap screws gb_GB_FASTENER_SCREWS_HSHCS M4X16-N",
    "depth": 3,
    "asm": false,
    "xyz_mm": [
      55.0043,
      18.3223,
      24.3083
    ],
    "rot": [
      [
        0.0,
        0.044864,
        -0.998993
      ],
      [
        -0.054755,
        0.997494,
        0.044797
      ],
      [
        0.9985,
        0.0547,
        0.002457
      ]
    ],
    "parent": "L2R"
  },
  {
    "name": "hexagon socket head cap screws gb_GB_FASTENER_SCREWS_HSHCS M4X16-N",
    "depth": 3,
    "asm": false,
    "xyz_mm": [
      68.1505,
      10.7437,
      23.8927
    ],
    "rot": [
      [
        0.0,
        0.044864,
        -0.998993
      ],
      [
        -0.054755,
        0.997494,
        0.044797
      ],
      [
        0.9985,
        0.0547,
        0.002457
      ]
    ],
    "parent": "L2R"
  },
  {
    "name": "hexagon socket head cap screws gb_GB_FASTENER_SCREWS_HSHCS M4X16-N",
    "depth": 3,
    "asm": false,
    "xyz_mm": [
      68.1505,
      -4.4136,
      23.0615
    ],
    "rot": [
      [
        0.0,
        0.044864,
        -0.998993
      ],
      [
        -0.054755,
        0.997494,
        0.044797
      ],
      [
        0.9985,
        0.0547,
        0.002457
      ]
    ],
    "parent": "L2R"
  },
  {
    "name": "hexagon socket head cap screws gb_GB_FASTENER_SCREWS_HSHCS M4X16-N",
    "depth": 3,
    "asm": false,
    "xyz_mm": [
      55.0043,
      -11.9922,
      22.6459
    ],
    "rot": [
      [
        0.0,
        0.044864,
        -0.998993
      ],
      [
        -0.054755,
        0.997494,
        0.044797
      ],
      [
        0.9985,
        0.0547,
        0.002457
      ]
    ],
    "parent": "L2R"
  },
  {
    "name": "hexagon socket head cap screws gb_GB_FASTENER_SCREWS_HSHCS M4X16-N",
    "depth": 3,
    "asm": false,
    "xyz_mm": [
      41.858,
      -4.4136,
      23.0615
    ],
    "rot": [
      [
        0.0,
        0.044864,
        -0.998993
      ],
      [
        -0.054755,
        0.997494,
        0.044797
      ],
      [
        0.9985,
        0.0547,
        0.002457
      ]
    ],
    "parent": "L2R"
  },
  {
    "name": "DBBJ-04RX1",
    "depth": 3,
    "asm": false,
    "xyz_mm": [
      31.0043,
      -20.8306,
      -68.5749
    ],
    "rot": [
      [
        1.0,
        0.0,
        0.0
      ],
      [
        0.0,
        -0.054755,
        -0.9985
      ],
      [
        -0.0,
        0.9985,
        -0.054755
      ]
    ],
    "parent": "L2R"
  },
  {
    "name": "hexagon socket head cap screws gb_GB_FASTENER_SCREWS_HSHCS M3X5-N",
    "depth": 3,
    "asm": false,
    "xyz_mm": [
      26.5043,
      -20.3926,
      -76.5629
    ],
    "rot": [
      [
        1.0,
        -0.0,
        0.0
      ],
      [
        0.0,
        0.999785,
        0.020728
      ],
      [
        -0.0,
        -0.020728,
        0.999785
      ]
    ],
    "parent": "L2R"
  },
  {
    "name": "DBBJ-05X2",
    "depth": 3,
    "asm": false,
    "xyz_mm": [
      55.0043,
      -35.5246,
      16.7486
    ],
    "rot": [
      [
        -0.0,
        -1.0,
        0.0
      ],
      [
        0.9985,
        -0.0,
        -0.054755
      ],
      [
        0.054755,
        0.0,
        0.9985
      ]
    ],
    "parent": "L2R"
  },
  {
    "name": "轴承20-30-4",
    "depth": 3,
    "asm": false,
    "xyz_mm": [
      55.0043,
      -44.2342,
      -61.8462
    ],
    "rot": [
      [
        0.0,
        0.063642,
        0.997973
      ],
      [
        -0.9985,
        0.054644,
        -0.003485
      ],
      [
        -0.054755,
        -0.996476,
        0.063546
      ]
    ],
    "parent": "L2R"
  },
  {
    "name": "J2-3QX2-V5",
    "depth": 3,
    "asm": false,
    "xyz_mm": [
      55.0043,
      7.6878,
      -58.999
    ],
    "rot": [
      [
        -0.0,
        -0.0,
        -1.0
      ],
      [
        0.9985,
        0.054755,
        -0.0
      ],
      [
        0.054755,
        -0.9985,
        0.0
      ]
    ],
    "parent": "L2R"
  },
  {
    "name": "内六角圆柱头螺钉 M3x12",
    "depth": 3,
    "asm": false,
    "xyz_mm": [
      10.0043,
      -25.9358,
      6.2579
    ],
    "rot": [
      [
        1.0,
        0.0,
        0.0
      ],
      [
        0.0,
        -0.054755,
        -0.9985
      ],
      [
        -0.0,
        0.9985,
        -0.054755
      ]
    ],
    "parent": "L2R"
  },
  {
    "name": "内六角圆柱头螺钉 M3x12",
    "depth": 3,
    "asm": false,
    "xyz_mm": [
      100.0043,
      -25.9358,
      6.2579
    ],
    "rot": [
      [
        0.98047,
        0.196671,
        0.0
      ],
      [
        0.010769,
        -0.053686,
        -0.9985
      ],
      [
        -0.196376,
        0.978999,
        -0.054755
      ]
    ],
    "parent": "L2R"
  },
  {
    "name": "内六角圆柱头螺钉 M3x5",
    "depth": 3,
    "asm": false,
    "xyz_mm": [
      10.0043,
      -26.4833,
      16.2429
    ],
    "rot": [
      [
        1.0,
        0.0,
        0.0
      ],
      [
        0.0,
        -0.054755,
        -0.9985
      ],
      [
        -0.0,
        0.9985,
        -0.054755
      ]
    ],
    "parent": "L2R"
  },
  {
    "name": "内六角圆柱头螺钉 M3x5",
    "depth": 3,
    "asm": false,
    "xyz_mm": [
      100.0043,
      -26.4833,
      16.2429
    ],
    "rot": [
      [
        0.98047,
        0.196671,
        0.0
      ],
      [
        0.010769,
        -0.053686,
        -0.9985
      ],
      [
        -0.196376,
        0.978999,
        -0.054755
      ]
    ],
    "parent": "L2R"
  },
  {
    "name": "内六角圆柱头螺钉 M3x16",
    "depth": 3,
    "asm": false,
    "xyz_mm": [
      72.0043,
      -43.0745,
      8.3225
    ],
    "rot": [
      [
        1.0,
        0.0,
        0.0
      ],
      [
        0.0,
        -0.054755,
        -0.9985
      ],
      [
        -0.0,
        0.9985,
        -0.054755
      ]
    ],
    "parent": "L2R"
  },
  {
    "name": "内六角圆柱头螺钉 M3x16",
    "depth": 3,
    "asm": false,
    "xyz_mm": [
      38.0043,
      -43.0745,
      8.3225
    ],
    "rot": [
      [
        0.98047,
        0.196671,
        0.0
      ],
      [
        0.010769,
        -0.053686,
        -0.9985
      ],
      [
        -0.196376,
        0.978999,
        -0.054755
      ]
    ],
    "parent": "L2R"
  },
  {
    "name": "内六角圆柱头螺钉 M3x16",
    "depth": 3,
    "asm": false,
    "xyz_mm": [
      38.0043,
      -40.5558,
      -37.6085
    ],
    "rot": [
      [
        1.0,
        0.0,
        0.0
      ],
      [
        0.0,
        -0.054755,
        -0.9985
      ],
      [
        -0.0,
        0.9985,
        -0.054755
      ]
    ],
    "parent": "L2R"
  },
  {
    "name": "内六角圆柱头螺钉 M3x16",
    "depth": 3,
    "asm": false,
    "xyz_mm": [
      72.0043,
      -40.5558,
      -37.6085
    ],
    "rot": [
      [
        0.98047,
        0.196671,
        0.0
      ],
      [
        0.010769,
        -0.053686,
        -0.9985
      ],
      [
        -0.196376,
        0.978999,
        -0.054755
      ]
    ],
    "parent": "L2R"
  },
  {
    "name": "内六角圆柱头螺钉 M3x10",
    "depth": 3,
    "asm": false,
    "xyz_mm": [
      28.0043,
      -28.3161,
      13.1379
    ],
    "rot": [
      [
        0.0,
        -0.0,
        -1.0
      ],
      [
        -0.158553,
        0.987351,
        -0.0
      ],
      [
        0.987351,
        0.158553,
        0.0
      ]
    ],
    "parent": "L2R"
  },
  {
    "name": "内六角圆柱头螺钉 M3x10",
    "depth": 3,
    "asm": false,
    "xyz_mm": [
      82.0043,
      -28.3161,
      13.1379
    ],
    "rot": [
      [
        -0.0,
        -0.0,
        1.0
      ],
      [
        -0.0,
        1.0,
        0.0
      ],
      [
        -1.0,
        -0.0,
        -0.0
      ]
    ],
    "parent": "L2R"
  },
  {
    "name": "内六角圆柱头螺钉 M4x12",
    "depth": 3,
    "asm": false,
    "xyz_mm": [
      40.0043,
      -29.4273,
      26.0964
    ],
    "rot": [
      [
        1.0,
        0.0,
        0.0
      ],
      [
        0.0,
        -0.054755,
        -0.9985
      ],
      [
        -0.0,
        0.9985,
        -0.054755
      ]
    ],
    "parent": "L2R"
  },
  {
    "name": "内六角圆柱头螺钉 M4x12",
    "depth": 3,
    "asm": false,
    "xyz_mm": [
      70.0043,
      -29.4273,
      26.0964
    ],
    "rot": [
      [
        0.98047,
        0.196671,
        0.0
      ],
      [
        0.010769,
        -0.053686,
        -0.9985
      ],
      [
        -0.196376,
        0.978999,
        -0.054755
      ]
    ],
    "parent": "L2R"
  },
  {
    "name": "内六角圆柱头螺钉 M4x12",
    "depth": 3,
    "asm": false,
    "xyz_mm": [
      55.0043,
      -29.4273,
      26.0964
    ],
    "rot": [
      [
        1.0,
        0.0,
        0.0
      ],
      [
        0.0,
        -0.054755,
        -0.9985
      ],
      [
        -0.0,
        0.9985,
        -0.054755
      ]
    ],
    "parent": "L2R"
  },
  {
    "name": "L3",
    "depth": 2,
    "asm": true,
    "xyz_mm": [
      -66.2284,
      93.701,
      132.32
    ],
    "rot": [
      [
        0.0,
        -0.0,
        -1.0
      ],
      [
        -1.0,
        -0.0,
        -0.0
      ],
      [
        -0.0,
        1.0,
        -0.0
      ]
    ],
    "parent": "右臂"
  },
  {
    "name": "RBBJ-04-1X2-V5.5",
    "depth": 3,
    "asm": false,
    "xyz_mm": [
      52.1202,
      10.5303,
      33.836
    ],
    "rot": [
      [
        -0.0,
        0.0,
        -1.0
      ],
      [
        -0.0,
        -1.0,
        -0.0
      ],
      [
        -1.0,
        0.0,
        0.0
      ]
    ],
    "parent": "L3"
  },
  {
    "name": "RB-06X2-V4.5",
    "depth": 3,
    "asm": false,
    "xyz_mm": [
      63.1178,
      10.5303,
      175.6476
    ],
    "rot": [
      [
        1.0,
        0.0,
        -0.0
      ],
      [
        0.0,
        -0.92388,
        0.382683
      ],
      [
        -0.0,
        -0.382683,
        -0.92388
      ]
    ],
    "parent": "L3"
  },
  {
    "name": "fl6803zz^L4_Sub_Assembly_OpenArm01_follower_right_OpenArm01_follower(2)_OpenArm01_follower - 副本",
    "depth": 3,
    "asm": false,
    "xyz_mm": [
      92.1178,
      10.5303,
      175.6476
    ],
    "rot": [
      [
        0.0,
        0.0,
        -1.0
      ],
      [
        -0.984567,
        -0.175009,
        -0.0
      ],
      [
        -0.175009,
        0.984567,
        0.0
      ]
    ],
    "parent": "L3"
  },
  {
    "name": "RS03",
    "depth": 3,
    "asm": false,
    "xyz_mm": [
      23.6178,
      10.5303,
      175.6476
    ],
    "rot": [
      [
        1.0,
        0.0,
        0.0
      ],
      [
        0.0,
        -0.382683,
        -0.92388
      ],
      [
        -0.0,
        0.92388,
        -0.382683
      ]
    ],
    "parent": "L3"
  },
  {
    "name": "RS03",
    "depth": 3,
    "asm": false,
    "xyz_mm": [
      52.1202,
      10.5303,
      36.336
    ],
    "rot": [
      [
        0.0,
        0.0,
        1.0
      ],
      [
        0.0,
        -1.0,
        0.0
      ],
      [
        1.0,
        0.0,
        -0.0
      ]
    ],
    "parent": "L3"
  },
  {
    "name": "内六角圆柱头螺钉 M3x10",
    "depth": 3,
    "asm": false,
    "xyz_mm": [
      83.1227,
      47.7694,
      154.1476
    ],
    "rot": [
      [
        -0.0,
        -0.0,
        1.0
      ],
      [
        -0.0,
        1.0,
        0.0
      ],
      [
        -1.0,
        -0.0,
        -0.0
      ]
    ],
    "parent": "L3"
  },
  {
    "name": "内六角圆柱头螺钉 M3x10",
    "depth": 3,
    "asm": false,
    "xyz_mm": [
      83.1227,
      52.0651,
      186.7768
    ],
    "rot": [
      [
        -0.0,
        -0.0,
        1.0
      ],
      [
        0.158553,
        0.987351,
        0.0
